3
2
1
4
<<<<<<< HEAD
5
7
12
3
=======
15.00
15.01
3.00
3.01
6
0.03
0.03
0.03
0.03
0.01
0.03
3
0.01
0.01
0.03
3
0.01
0.01
0.02
3
1.01
1.01
1.02
4
0.01
0.01
0.03
0.03
9
0.99
0.99
0.99
0.99
0.99
0.99
0.99
1.01
1.03
4
13.00
17.00
12.00
24.00
16
0.99
0.99
0.99
0.99
0.99
0.99
0.99
1.01
0.99
0.99
0.99
0.99
0.99
0.99
0.99
1.01
17
0.99
0.99
0.99
0.99
0.99
0.99
0.99
1.01
0.99
0.99
0.99
0.99
0.99
0.99
0.99
1.01
1.13
17
0.99
0.99
0.99
0.99
0.99
0.99
0.99
1.01
0.99
0.99
0.99
0.99
0.99
0.99
0.99
1.01
1.14
128
0.68
0.66
0.66
0.66
0.66
0.66
0.66
0.66
0.66
0.66
0.66
0.66
0.66
0.66
0.66
0.66
0.66
0.66
0.66
0.66
0.66
0.66
0.66
0.66
0.66
0.66
0.66
0.66
0.66
0.66
0.66
0.66
0.66
0.66
0.66
0.66
0.66
0.66
0.66
0.66
0.66
0.66
0.66
0.66
0.66
0.66
0.66
0.66
0.66
0.66
0.66
0.66
0.66
0.66
0.66
0.66
0.66
0.66
0.66
0.66
0.66
0.66
0.66
0.66
0.68
0.66
0.66
0.66
0.66
0.66
0.66
0.66
0.66
0.66
0.66
0.66
0.66
0.66
0.66
0.66
0.66
0.66
0.66
0.66
0.66
0.66
0.66
0.66
0.66
0.66
0.66
0.66
0.66
0.66
0.66
0.66
0.66
0.66
0.66
0.66
0.66
0.66
0.66
0.66
0.66
0.66
0.66
0.66
0.66
0.66
0.66
0.66
0.66
0.66
0.66
0.66
0.66
0.66
0.66
0.66
0.66
0.66
0.66
0.66
0.66
0.66
0.66
0.66
0
>>>>>>> 781363de56025e68b76490a4b4413c71c30d153b
